hsbc_premium=1.09
gold_usd=4233.901062011719
gold_hsbc=35996.626829223635
